91Å°çπêDÅAóΩêJÉGÉìÉhÇgÇPÅ°
200001
590000000007D000000000
63800FA0000A
590004000003E800000000
200000
590003000003E800000000
10005100000002
200001
200107
10005100030010
590004000003E800000000
200000
10005100110016
200001
200107
1000510017002E
401í∞ì‡Ç…éÀê∏Ç∑ÇÈ#*naka#êgëÃÇ…Ç‘Ç¡Ç©ÇØÇÈ#*soto#
91*naka
100051002F003B
590007000005DC00000000
100051003C003D
590001000003E800000000
590001000003E800000000
590001000003E800000000
100051003E003E
200108
100051003F0042
7000242
301*END
91*soto
10005100430050
590007000005DC00000000
10005100510053
590001000003E800000000
590001000003E800000000
590001000003E800000000
10005100540054
200109
10005100550058
91*END
590004000003E800000000
200000
590000000007D000000000
10005100590061
620FA0
200001
590000000003E800000000
7000071
590010000003E800000000
3210002420000000400057
3000035
99
